10 108 132 172 192 212 261 275 28 -1 10 11 132 192 212 275 28 315 34 -1 10 140 196 212 229 28 296 44 85 -1 10 103 132 159 208 229 270 28 34 -1 10 15 187 229 270 28 288 296 44 -1 10 159 169 270 3 32 44 97 b -1 10 11 132 163 169 241 270 3 b -1 10 103 106 115 139 212 261 3 44 -1 10 106 138 148 159 177 270 280 44 -1  
10 139 212 229 261 44 67 93 97 -1 10 164 212 229 236 44 62 93 b -1 10 131 140 206 212 229 44 93 97 -1 10 116 187 212 229 44 70 93 97 -1 10 103 132 161 192 212 269 28 280 -1 10 103 132 161 192 212 269 28 280 -1 10 116 187 212 229 44 70 93 97 -1 10 103 106 212 25 269 28 44 b -1 10 106 139 177 230 270 34 44 93 -1 10 106 118 139 212 261 44 74 93 -1  
103 120 132 159 208 229 270 28 34 -1 120 140 169 177 212 28 288 44 72 -1 120 169 177 187 2 21 212 28 44 -1 120 125 132 139 169 172 270 28 280 -1 120 169 177 212 28 34 44 88 9 -1 106 120 140 148 212 44 55 56 74 -1  
103 116 120 132 186 192 212 34 93 -1 116 120 13 192 212 293 44 45 b -1 120 140 169 177 212 28 288 44 72 -1 11 116 120 132 169 187 212 274 93 -1  
169 188 212 44 80 9 93 97 b -1  
169 177 187 2 21 212 28 44 80 -1 11 132 137 159 169 212 261 28 80 -1 103 132 133 169 212 293 34 80 9 -1 103 132 159 208 229 270 28 34 80 -1 187 21 212 229 39 44 80 93 97 -1  
10 13 192 212 269 28 280 44 46 -1 10 140 169 177 206 212 28 298 44 -1 10 106 132 140 172 212 248 3 9 -1 10 106 11 116 132 19 212 3 b -1 10 106 11 132 24 270 3 9 b -1 10 106 11 132 139 253 270 280 293 -1 10 106 11 132 159 261 270 293 317 -1 10 106 132 140 159 172 270 293 47 -1 10 106 132 140 159 172 228 270 93 -1 10 103 106 212 25 269 28 44 b -1 10 140 196 212 229 28 296 44 85 -1  
132 169 216 261 270 288 293 310 80 -1 103 132 140 166 212 229 56 80 93 -1 140 169 177 206 212 28 298 44 80 -1 169 177 212 236 44 80 83 93 b -1 169 176 177 212 34 44 56 80 93 -1 132 140 169 172 270 289 293 80 9 -1 132 139 169 178 261 270 293 58 80 -1 124 132 140 169 172 212 293 56 80 -1 131 140 206 212 229 44 80 93 97 -1  
10 103 132 192 212 28 288 34 7 -1 10 132 136 172 192 212 28 305 b -1 10 187 21 212 229 39 44 93 97 -1  
132 136 172 192 212 223 28 305 b -1 212 223 229 235 28 288 44 97 b -1 140 196 212 223 229 28 296 44 85 -1 182 212 223 229 236 28 296 34 44 -1 103 132 159 208 223 229 270 28 34 -1  
109 192 203 212 269 28 44 80 b -1  
10 140 196 212 229 28 296 44 85 -1 10 198 212 229 236 28 296 44 b -1 10 198 212 229 236 28 296 44 b -1 10 139 18 212 229 280 44 93 97 -1 10 116 187 212 229 44 70 93 97 -1 10 169 177 212 28 34 44 88 9 -1 10 106 107 11 132 212 28 34 56 -1  
132 136 172 192 212 28 305 8 b -1 132 192 212 269 28 69 74 8 b -1 132 140 192 212 269 28 65 74 8 -1  
132 140 192 212 251 288 293 74 80 -1  
120 132 136 172 192 212 28 305 b -1 120 132 192 212 269 28 69 74 b -1 120 132 140 192 212 269 28 65 74 -1 120 212 229 235 28 288 44 97 b -1 120 229 269 270 28 297 44 97 b -1 120 198 212 229 236 28 296 44 b -1 114 120 13 229 236 261 270 28 44 -1 103 120 132 139 212 229 261 262 28 -1 120 182 212 229 236 28 296 34 44 -1 103 120 132 159 208 229 270 28 34 -1 120 132 142 177 187 212 229 275 28 -1 120 132 212 213 229 305 74 93 b -1 120 164 212 229 236 44 62 93 b -1 103 120 132 140 166 212 229 56 93 -1 103 120 132 159 187 212 229 93 94 -1 120 187 21 212 229 39 44 93 97 -1 11 120 132 159 229 261 270 76 93 -1 116 120 132 135 177 212 229 34 93 -1 120 169 199 212 236 28 44 74 b -1 120 140 169 177 206 212 28 298 44 -1 120 14 169 177 212 261 44 9 93 -1 120 139 152 169 212 27 34 44 93 -1 120 169 177 21 212 3 44 59 b -1 120 159 169 270 3 32 44 97 b -1 120 140 163 169 222 270 296 3 44 -1  
10 106 132 168 172 187 270 275 3 -1 10 106 11 132 187 236 270 3 304 -1  
169 177 187 2 21 212 28 44 80 -1 11 132 163 169 241 270 3 80 b -1 132 140 157 192 212 269 28 74 80 -1 132 169 21 270 280 293 64 80 81 -1 187 21 212 229 39 44 80 93 97 -1 11 132 159 229 261 270 76 80 93 -1 103 132 159 212 229 261 276 80 93 -1  
116 13 192 212 28 284 34 44 80 -1 116 13 192 212 28 284 34 44 80 -1 132 192 212 269 28 69 74 80 b -1 132 136 172 192 212 28 305 80 b -1 132 187 192 212 259 269 28 74 80 -1 13 187 192 212 269 28 44 63 80 -1 187 192 212 245 269 28 44 52 80 -1 103 116 132 192 270 291 80 93 b -1 103 116 132 186 192 212 34 80 93 -1 103 116 132 190 192 212 261 80 93 -1 169 177 187 2 21 212 28 44 80 -1  
10 103 132 161 192 212 269 28 280 -1 10 11 132 169 212 263 28 280 56 -1 10 140 169 177 206 212 28 298 44 -1 10 140 150 169 206 270 44 74 93 -1 10 106 11 132 212 244 28 280 288 -1  
10 103 132 140 192 269 270 28 281 -1 10 11 122 132 140 159 192 270 93 -1 10 103 106 212 25 269 28 44 b -1  
10 106 11 132 212 244 28 280 288 -1 10 103 116 132 212 229 268 28 280 -1 10 116 164 212 229 265 28 280 44 -1 10 103 132 139 212 229 261 262 28 -1 10 132 139 169 212 234 261 28 77 -1 10 140 169 177 206 212 28 298 44 -1 10 103 106 212 25 269 28 44 b -1  
103 116 132 192 212 237 28 280 80 -1 103 132 161 192 212 269 28 280 80 -1 13 159 192 261 270 41 44 80 93 -1 103 116 132 192 270 291 80 93 b -1  
10 11 132 192 261 270 28 49 9 -1 10 116 187 212 229 44 70 93 97 -1 10 106 11 116 132 19 212 3 b -1  
10 212 229 235 28 288 44 97 b -1 10 103 132 159 187 205 212 229 28 -1 10 140 196 212 229 28 296 44 85 -1 10 103 132 159 212 229 261 276 93 -1 10 11 132 137 159 169 212 261 28 -1 10 103 106 212 25 269 28 44 b -1  
103 132 159 208 229 270 28 34 80 -1 169 177 187 2 21 212 28 44 80 -1  
10 13 192 212 269 28 280 44 46 -1 10 103 132 161 192 212 269 28 280 -1  
229 269 270 28 297 44 80 97 b -1 103 132 140 192 269 270 28 281 80 -1 169 199 212 236 28 44 74 80 b -1 116 169 177 187 189 270 28 44 80 -1 139 143 169 177 212 28 34 44 80 -1  
10 132 140 157 192 212 269 28 74 -1 10 11 132 192 261 270 28 49 9 -1 10 103 132 161 192 212 269 28 280 -1 10 169 177 187 2 21 212 28 44 -1 10 106 132 172 212 260 269 28 b -1 10 106 247 270 28 280 288 44 54 -1  
10 13 192 212 269 28 280 44 46 -1 10 132 136 172 192 212 28 305 b -1 10 132 187 192 212 259 269 28 74 -1  
10 103 132 159 187 205 212 229 28 -1 10 132 142 177 187 212 229 275 28 -1 10 132 169 172 187 212 26 9 93 -1 10 169 177 212 236 44 83 93 b -1 10 11 132 169 194 212 236 261 93 -1 10 103 132 133 169 212 293 34 9 -1 10 11 132 192 261 270 28 49 9 -1 10 132 140 192 212 269 28 65 74 -1 10 116 13 192 212 28 284 34 44 -1 10 11 132 192 266 270 34 9 93 -1 10 11 132 192 207 212 275 34 93 -1  
10 11 132 192 212 275 28 315 34 -1 10 140 196 212 229 28 296 44 85 -1 10 103 132 139 212 229 261 262 28 -1 10 140 169 177 206 212 28 298 44 -1 10 169 177 212 28 34 44 88 9 -1 10 169 177 212 28 34 44 88 9 -1 10 11 132 192 212 275 28 315 34 -1 10 140 196 212 229 28 296 44 85 -1 10 116 132 135 177 212 229 34 93 -1 10 159 169 270 3 32 44 97 b -1 10 132 169 216 261 270 288 293 310 -1 10 116 169 177 212 250 280 293 44 -1  
10 132 192 212 269 28 69 74 b -1 10 103 116 132 192 212 237 28 280 -1 10 106 11 132 163 219 270 280 93 -1  
10 116 13 192 212 28 284 34 44 -1 10 132 187 192 212 259 269 28 74 -1 10 132 192 212 269 28 69 74 b -1 10 109 192 203 212 269 28 44 b -1 10 103 106 212 25 269 28 44 b -1 10 106 132 172 212 260 269 28 b -1 10 13 192 204 212 275 44 93 b -1 10 132 140 192 212 251 288 293 74 -1 10 106 11 132 212 244 28 280 288 -1 10 106 132 172 187 231 270 3 9 -1 10 106 11 132 139 253 270 280 293 -1 10 106 11 132 212 280 288 92 93 -1 10 106 184 261 269 270 44 74 93 -1 10 106 139 153 270 280 3 44 74 -1 10 106 201 212 288 3 44 74 b -1 10 106 11 132 212 244 28 280 288 -1 10 198 212 229 236 28 296 44 b -1 10 106 11 132 159 261 270 293 317 -1 10 103 106 158 187 270 293 44 56 -1 10 106 11 132 212 244 28 280 288 -1 10 103 106 140 17 212 28 288 44 -1  
169 177 212 28 309 34 44 88 9 -1 212 229 235 28 288 309 44 97 b -1  
140 196 212 229 28 296 309 44 85 -1 132 192 270 275 279 280 309 74 93 -1 13 192 204 212 275 309 44 93 b -1 11 132 192 212 275 28 309 315 34 -1 13 192 212 269 28 280 309 44 46 -1  
10 106 107 11 132 212 28 34 56 -1 10 106 107 11 132 212 28 34 56 -1  
10 139 18 212 229 280 44 93 97 -1 10 103 132 139 212 229 280 290 93 -1 10 139 212 229 261 44 67 93 97 -1 10 13 187 192 212 269 28 44 63 -1 10 132 136 172 192 212 28 305 b -1 10 13 192 212 269 28 280 44 46 -1 10 103 106 191 261 270 28 288 44 -1  
10 106 107 11 132 212 28 34 56 -1 10 106 118 139 212 261 44 74 93 -1 10 13 192 212 269 28 280 44 46 -1 10 132 140 192 212 269 28 65 74 -1  
169 177 212 236 33 44 83 93 b -1 132 136 172 192 212 28 305 33 b -1  
132 192 212 269 28 69 74 80 b -1 132 140 192 212 269 28 65 74 80 -1 187 192 212 245 269 28 44 52 80 -1 103 116 132 192 212 237 28 280 80 -1 13 192 212 269 28 280 44 46 80 -1 103 132 139 212 229 261 262 28 80 -1 11 132 159 229 261 270 76 80 93 -1  
132 136 172 192 212 28 305 80 b -1 11 132 192 236 270 308 80 93 b -1  
10 132 140 192 212 269 28 65 74 -1  
103 104 132 21 212 229 80 93 b -1 131 140 206 212 229 44 80 93 97 -1 187 21 212 229 39 44 80 93 97 -1 116 187 212 229 44 70 80 93 97 -1 103 132 140 166 212 229 56 80 93 -1 103 132 159 208 229 270 28 34 80 -1 182 212 229 236 28 296 34 44 80 -1 114 13 229 236 261 270 28 44 80 -1 105 116 13 212 229 261 28 44 80 -1 187 21 212 229 39 44 80 93 97 -1 131 140 206 212 229 44 80 93 97 -1 116 140 175 212 229 28 296 44 80 -1 187 21 212 229 39 44 80 93 97 -1 103 132 159 212 229 261 276 80 93 -1 187 21 212 229 39 44 80 93 97 -1 187 21 212 229 39 44 80 93 97 -1 187 21 212 229 39 44 80 93 97 -1 187 21 212 229 39 44 80 93 97 -1 187 21 212 229 39 44 80 93 97 -1 187 21 212 229 39 44 80 93 97 -1 187 21 212 229 39 44 80 93 97 -1 187 21 212 229 39 44 80 93 97 -1 103 132 140 166 212 229 56 80 93 -1  
132 140 192 212 269 28 65 74 80 -1 103 116 132 192 212 237 28 280 80 -1 116 187 212 229 44 70 80 93 97 -1 198 212 229 236 28 296 44 80 b -1 229 269 270 28 297 44 80 97 b -1 116 164 212 229 265 28 280 44 80 -1 105 116 13 212 229 261 28 44 80 -1 116 140 175 212 229 28 296 44 80 -1 169 177 187 2 21 212 28 44 80 -1 169 177 212 236 44 80 83 93 b -1 11 132 163 169 241 270 3 80 b -1  
103 132 140 146 192 269 270 28 281 -1 11 132 146 192 261 270 28 49 9 -1 116 146 192 212 280 311 44 6 93 -1  
13 192 212 269 28 280 44 46 80 -1  